1662802899130 0.012424973770976067 0
1662802899657 0.010330409742891788 2
1662802900181 0.008466271683573723 4
1662802900783 0.006844411138445139 6
1662802901295 0.0054740565828979015 8
1662802901805 0.004361373838037252 10
1662802902296 0.003510087262839079 12
1662802902813 0.0029200047720223665 14
1662802903325 0.0025816268753260374 16
1662802903841 0.0024672134313732386 18
1662802904369 0.002521136309951544 20
1662802904877 0.00265839253552258 22
1662802905397 0.0027860202826559544 24
1662802905891 0.002842426998540759 26
1662802906283 0.002817224944010377 28
1662802906682 0.0027371274773031473 30
1662802907076 0.00263983104377985 32
1662802907476 0.0025552825536578894 34
1662802907870 0.002498684450984001 36
1662802908277 0.0024718225467950106 38
1662802908699 0.0024680185597389936 40
1662802909114 0.002477343427017331 42
1662802909520 0.0024904615711420774 44
1662802909918 0.0025007366202771664 46
1662802910318 0.0025048600509762764 48
1662802910720 0.002502486575394869 50
1662802911116 0.0024953167885541916 52
1662802911515 0.0024860065896064043 54
1662802911918 0.0024771688040345907 56
1662802912319 0.0024706523399800062 58
1662802912725 0.002467203652486205 60
1662802913128 0.0024665151722729206 62
1662802913539 0.0024675761815160513 64
1662802913951 0.002469168044626713 66
1662802914349 0.0024703105445951223 68
1662802914743 0.002470520092174411 70
1662802915144 0.0024698253255337477 72
1662802915543 0.002468595514073968 74
1662802915938 0.002467300044372678 76
1662802916331 0.0024663021322339773 78
1662802916728 0.0024657559115439653 80
1662802917123 0.0024656166788190603 82
1662802917517 0.0024657174944877625 84
1662802917913 0.0024658660404384136 86
1662802918315 0.002465922851115465 88
1662802918720 0.0024658332113176584 90
1662802919291 0.0024656213354319334 92
1662802919824 0.0024653528816998005 94
1662802920282 0.0024650986306369305 96
1662802920730 0.0024649042170494795 98
1662802921177 0.0024647789541631937 100
1662802921627 0.00246470351703465 102
1662802922076 0.0024646464735269547 104
1662802922521 0.002464578952640295 106
1662802922968 0.0024644876830279827 108
1662802923417 0.0024643740616738796 110
1662802923868 0.0024642483331263065 112
1662802924308 0.0024641244672238827 114
1662802924760 0.0024640094488859177 116
1662802925217 0.0024639065377414227 118
1662802925658 0.0024638106115162373 120
1662802926097 0.002463717246428132 122
1662802926537 0.0024636208545416594 124
1662802926977 0.0024635193403810263 126
1662802927412 0.0024634141009300947 128
1662802927995 0.0024633072316646576 130
1662802928548 0.002463200595229864 132
1662802929150 0.0024630953557789326 134
1662802929720 0.0024629919789731503 136
1662802930447 0.0024628890678286552 138
1662802931178 0.0024627854581922293 140
1662802931824 0.0024626809172332287 142
1662802932454 0.002462574979290366 144
1662802933008 0.00246246880851686 146
1662802933543 0.002462361939251423 148
1662802934057 0.0024622550699859858 150
1662802934613 0.0024621484335511923 152
1662802935197 0.0024620413314551115 154
1662802935763 0.0024619342293590307 156
1662802936327 0.002461826428771019 158
1662802936859 0.0024617183953523636 160
1662802937374 0.002461609896272421 162
1662802937895 0.0024615006987005472 164
1662802938423 0.0024613915011286736 166
1662802938957 0.0024612820707261562 168
1662802939487 0.0024611721746623516 170
1662802940028 0.002461062278598547 172
1662802940562 0.0024609521497040987 174
1662802941107 0.0024608417879790068 176
1662802941637 0.0024607309605926275 178
1662802942195 0.002460619667544961 180
1662802942701 0.0024605083744972944 182
1662802943263 0.0024603968486189842 184
1662802943730 0.0024602848570793867 186
1662802944184 0.002460173098370433 188
1662802944645 0.0024600608740001917 190
1662802945088 0.002459948416799307 192
1662802945541 0.002459835959598422 194
1662802946015 0.0024597228039056063 196
1662802946477 0.0024596096482127905 198
